No_Simulation,KGE,bv3c_C1,bv3c_C2,bv3c_C3,bv3c_CR,djm_SFF,djm_SFC,djm_SFO,djm_TFF,djm_TFC,djm_TFO,ETP,THI,Conductivite,Manning_riviere
6,0.49046,0.050669,0.33309,6.4518,1.3733e-07,0.49163,1.4988,-0.51556,11.8411,8.2193,17.0588,0.73251,-0.059085,0.11271,0.03343
7,0.68962,0.1146,0.11043,7.1187,1.614e-08,0.76287,0.76287,0.76287,10.949,10.586,11.324,0.65043,0.016882,0.16123,0.051881
8,0.5991,0.12155,0.13783,3.4517,3.7418e-06,0.44546,0.58843,0.3025,13.389,12.945,13.848,0.59607,0.31135,0.16123,0.051881
9,0.60711,0.12476,0.1,6.1812,1.4223e-08,0.70708,1.3735,0.040637,12.936,12.936,12.936,0.5,-0.44387,0.16376,0.052965
10,0.63461,0.10207,0.19728,7.5162,2.6819e-08,0.3734,0.47725,0.26955,10.712,10.357,11.08,0.74159,0.016882,0.16123,0.023451
11,0.7045,0.10668,0.14867,8.0946,1.0493e-08,0.76287,0.76287,0.76287,10.428,10.428,10.428,0.71118,0.79131,0.18918,0.084174
12,0.43088,0.10033,0.46617,8.8296,1.3611e-08,0.60547,0.60547,0.60547,10.428,10.142,10.722,0.68255,0.64721,0.15107,0.092983
13,0.63269,0.1047,0.16428,8.0946,1.0493e-08,0.45647,0.45647,0.45647,10.428,10.075,10.793,0.59261,0.79131,0.18918,0.1
14,0.62105,0.075915,0.22466,8.0946,1.0493e-08,0.76287,2.7723,-1.2466,10.428,10.428,10.428,0.71118,0.79131,0.18285,0.084174
15,0.59767,0.08765,0.31666,3.4293,5.4167e-09,0.76287,0.76287,0.76287,10.428,10.428,10.428,0.71118,0.79131,0.18918,0.067379
16,0.80957,0.10668,0.1,9.2758,9.157e-09,0.29181,0.29181,0.29181,3.4721,2.903,4.1528,0.71118,1,0.11211,0.084174
17,0.82742,0.087467,0.1,9.5603,2.8955e-09,0.29181,0.35757,0.22606,3.4721,2.903,4.1528,0.7419,0.63096,0.11211,0.084174
18,0.75486,0.067777,0.1,9.5603,2.8955e-09,0.29181,0.29181,0.29181,3.4721,2.903,4.1528,0.54997,0.75057,0.11211,0.079607
19,0.53336,0.098715,0.36986,9.5603,2.9959e-08,0.29181,1.4585,-0.87485,3.3836,3.241,3.5325,0.7419,0.74572,0.11211,0.086055
20,0.80159,0.087467,0.1,8.4408,1.1847e-09,0.29181,0.66571,-0.082083,3,2.5083,3.5882,0.79814,0.018372,0.11211,0.077018
21,0.75137,0.10892,0.14563,7.537,3.6728e-09,0.29181,0.35757,0.22606,3.4721,2.903,4.1528,0.7419,0.63096,0.14482,0.093122
22,0.57387,0.1178,0.22844,9.5603,2.8955e-09,0.29181,0.35757,0.22606,3.4721,2.903,4.1528,0.99887,0.74714,0.14535,0.084174
23,0.365,0.096835,0.1,9.5231,6.2286e-08,0.27113,0.59729,-0.055031,5.1466,3.7745,7.0174,1.1866,0.63096,0.11798,0.084174
24,0.75173,0.026339,0.1,9.028,3.0662e-09,0.29181,0.29773,0.28589,3.4721,2.903,4.1528,0.7419,0.9537,0.099581,0.092295
25,0.76223,0.087467,0.1,8.4907,3.2602e-09,0.37269,0.57715,0.16823,4.366,3.6503,5.2219,0.79872,0.057055,0.067231,0.084174
26,0.79426,0.087467,0.1,9.5603,2.8955e-09,0.29181,0.35757,0.22606,3.4721,2.903,4.1528,0.7419,-0.54598,0.1526,0.084174
27,0.80544,0.10467,0.1,9.5603,2.8955e-09,0.29181,0.29181,0.29181,3.4721,2.903,4.1528,0.7419,0.63096,0.16429,0.084174
28,0.64315,0.087467,0.20628,9.5603,2.8955e-09,0.29181,0.35757,0.22606,4.1642,2.782,6.2331,0.85878,0.41953,0.11211,0.090842
29,0.68827,0.087467,0.21197,9.9416,1.0234e-07,0.080666,1.0377,-0.8764,3.4721,2.903,4.1528,0.7419,0.63096,0.05141,0.084174
30,0.41447,0.087467,0.18367,10,4.583e-09,0.29181,0.35757,0.22606,8.591,6.3764,11.575,1.0867,0.63096,0.11211,0.084174
31,0.61867,0.085019,0.1,9.1326,3.0311e-09,0.14321,0.20896,0.077454,7.8341,6.5499,9.3699,0.91261,-0.053822,0.11211,0.082585
32,0.54393,0.087467,0.32782,9.401,2.9446e-09,0.29181,0.35757,0.22606,6.4217,5.3133,7.7614,0.68964,0.57217,0.11211,0.1
33,0.50214,0.087467,0.38574,9.356,2.9587e-09,0.29181,0.35757,0.22606,3.4721,2.903,4.1528,0.55293,0.63096,0.065516,0.084174
34,0.81931,0.087467,0.1,9.6854,2.8581e-09,0.29181,0.35757,0.22606,3.4721,3.0657,3.9324,0.7419,1,0.11211,0.084174
35,0.73067,0.10544,0.12626,9.7904,8.1298e-07,0.29181,0.90662,-0.323,3.4721,2.4291,4.9631,0.7419,0.63096,0.11211,0.084174
36,0.82683,0.087467,0.1,9.5603,1.046e-09,0.29181,0.68813,-0.10451,3.4721,2.903,4.1528,0.7419,0.53433,0.11211,0.082576
37,0.74094,0.10002,0.16391,9.3552,2.959e-09,0.29181,0.35757,0.22606,4.6703,3.3746,6.4637,0.7419,0.63096,0.18886,0.084174
38,0.8394,0.087467,0.1,9.5603,2.0328e-08,0.29181,0.35757,0.22606,4.6302,3.8712,5.538,0.7419,0.63096,0.11211,0.069668
39,0.79537,0.087467,0.1,9.5603,2.0328e-08,0.29181,0.35757,0.22606,4.6302,3.8712,5.538,0.59158,0.63096,0.11211,0.069668
40,0.81412,0.062891,0.11982,9.5603,1.2705e-09,0.29181,0.35757,0.22606,4.6302,3.8712,5.538,0.64663,0.63096,0.2,0.066175
41,0.8045,0.087467,0.1,9.5603,2.0328e-08,-0.10408,0.9521,-1.1603,4.6302,4.2598,5.0329,0.7419,0.63096,0.13551,0.069668
42,0.76067,0.087467,0.17316,8.0136,2.6112e-08,0.29181,0.35757,0.22606,3.552,2.9697,4.2483,0.7419,0.63096,0.11211,0.069668
43,0.83949,0.087467,0.1,10,2.4177e-09,0.29181,0.55405,0.029569,4.6302,3.495,6.1341,0.7419,0.95909,0.11211,0.069668
44,0.8111,0.087467,0.1,10,2.4177e-09,0.29181,0.55405,0.029569,4.4858,3.6436,5.5227,0.7419,0.95909,0.063381,0.05536
45,0.80051,0.12626,0.1,10,2.4177e-09,0.29181,0.55405,0.029569,4.6302,3.495,6.1341,0.7419,0.75648,0.073764,0.070275
46,0.77073,0.04936,0.12368,10,2.4177e-09,0.29181,0.94596,-0.36234,7.5986,5.7357,10.067,0.7419,0.95909,0.14956,0.092281
47,0.83862,0.076356,0.10643,8.6534,2.7939e-09,0.29181,0.55405,0.029569,4.6302,3.8891,5.5126,0.7419,0.95909,0.11211,0.069668
48,0.81642,0.087467,0.1,10,1.6373e-09,0.29181,1.3067,-0.72308,4.6302,3.495,6.1341,0.7419,0.95909,0.11211,0.069368
49,0.72541,0.087467,0.1,10,2.4177e-09,0.29181,0.55405,0.029569,4.6302,3.495,6.1341,0.9363,0.95909,0.11211,0.048661
50,0.68671,0.087467,0.1,10,2.4177e-09,0.29181,1.9232,-1.3395,5.0501,3.812,6.6904,0.5,0.67115,0.14447,0.069668
51,0.57953,0.087369,0.26616,10,2.4177e-09,-0.18692,0.075324,-0.44916,4.6302,2.8504,7.5213,0.9084,0.95909,0.13701,0.069668
52,0.7816,0.093909,0.1,10,2.4177e-09,0.79424,1.0565,0.53199,4.6302,3.495,6.1341,0.57281,0.95909,0.11211,0.062931
53,0.80846,0.083973,0.1,10,1.7258e-09,0.29181,0.55405,0.029569,3.555,2.6834,4.7096,0.65923,0.99603,0.11211,0.085112
54,0.75772,0.087467,0.17731,10,2.4177e-09,0.29181,0.55405,0.029569,3.3498,2.5285,4.4377,0.7419,0.95909,0.11211,0.069668
55,0.85225,0.087467,0.1,10,2.4177e-09,0.90714,1.1694,0.64489,4.6302,3.495,6.1341,0.7419,0.95909,0.11211,0.056893
56,0.72934,0.087467,0.1,10,2.4177e-09,0.62803,0.89028,0.36579,4.6302,3.495,6.1341,0.93625,0.95909,0.11211,0.056893
57,0.72299,0.087467,0.24622,8.4861,2.849e-09,0.90714,1.1694,0.64489,4.6302,4.0063,5.3513,0.7419,0.95909,0.11211,0.051669
58,0.81664,0.087467,0.1,10,1.1227e-09,0.90714,1.1694,0.64489,4.6302,3.495,6.1341,0.63918,0.95909,0.13086,0.056893
59,0.8015,0.087467,0.1,8.5959,2.8126e-09,0.90714,2.4303,-0.61601,4.6302,3.0371,7.0591,0.7419,0.95909,0.11211,0.056893
60,0.84919,0.087467,0.1,6.9596,1.5361e-07,0.90714,1.1694,0.64489,4.6302,3.495,6.1341,0.7419,0.95909,0.11211,0.043341
61,0.85079,0.087467,0.1,10,2.4177e-09,0.9263,1.1885,0.66406,4.6302,3.9016,5.4948,0.7419,0.67743,0.11211,0.056893
62,0.79836,0.087467,0.1,10,2.4177e-09,0.90714,1.1694,0.64489,4.6302,3.4744,6.1705,0.5948,0.95909,0.11211,0.056893
63,0.79032,0.087467,0.1,10,2.4177e-09,0.90714,0.93499,0.87928,4.6302,3.495,6.1341,0.87037,0.95909,0.11211,0.056893
64,0.84484,0.10389,0.1,10,2.4177e-09,0.90714,1.1694,0.64489,4.6302,3.495,6.1341,0.7419,0.95909,0.11211,0.056893
65,0.83898,0.087467,0.1,9.6983,2.4929e-09,0.90714,1.5834,0.23088,4.6302,3.495,6.1341,0.78709,0.95909,0.11211,0.056893
66,0.72023,0.067654,0.1,10,1.8569e-09,0.44926,0.7115,0.18701,3,1.957,4.5989,0.5,0.95909,0.11211,0.056893
67,0.85109,0.087467,0.1,9.4916,2.5472e-09,0.90714,1.1694,0.64489,4.6302,3.495,6.1341,0.7419,0.95909,0.11211,0.056893
68,0.85612,0.087467,0.1,10,2.4177e-09,0.90714,1.1694,0.64489,4.6302,3.495,6.1341,0.7419,0.95909,0.11211,0.047995
69,0.84875,0.087467,0.1,7.7328,1.2932e-09,0.90714,1.1694,0.64489,4.6302,3.495,6.1341,0.7419,0.61339,0.11211,0.047995
70,0.85404,0.087467,0.1,10,2.4177e-09,0.90714,1.1694,0.64489,4.6302,3.53,6.0733,0.76409,0.72834,0.11211,0.047995
71,0.84936,0.08802,0.1,7.6596,3.1564e-09,0.90714,1.1694,0.64489,4.6302,3.4278,6.2544,0.72677,0.95909,0.15493,0.045347
72,0.76218,0.087467,0.1,9.777,5.8296e-09,0.90714,1.1694,0.64489,4.6302,3.495,6.1341,0.52626,0.95909,0.11211,0.047995
73,0.83986,0.087467,0.1,10,2.4177e-09,0.90714,1.9608,-0.14651,4.6302,3.495,6.1341,0.7419,0.75328,0.11211,0.047995
74,0.85738,0.087467,0.1,9.2144,2.6238e-09,0.90714,1.4166,0.39771,5.1103,3.8574,6.7701,0.7419,0.95909,0.1668,0.03726
75,0.77759,0.087467,0.1,9.2144,2.6814e-09,0.90714,0.90714,0.90714,5.1103,3.8574,6.7701,0.55659,0.95909,0.17093,0.057491
76,0.80224,0.087467,0.1,9.2144,2.6238e-09,1,1.1531,0.84686,8.8914,6.7115,11.779,0.7419,0.95909,0.17638,0.057609
77,0.86501,0.087467,0.1,9.2144,2.6238e-09,1,1.0979,0.90207,5.1103,3.8574,6.7701,0.71669,0.95909,0.1668,0.023855
78,0.79518,0.087467,0.21651,9.2144,1.0853e-09,1,1.0979,0.90207,5.1103,3.8574,6.7701,0.71669,0.95909,0.1668,0.023855
79,0.69693,0.087467,0.33782,9.2144,2.6238e-09,1,1.0979,0.90207,5.1103,3.8574,6.7701,0.88421,1,0.2,0.023855
80,0.86276,0.087467,0.1,9.2144,6.7401e-09,1,1.0979,0.90207,5.1103,3.6067,7.2407,0.71669,0.49506,0.1668,0.023855
81,0.85072,0.12725,0.1,9.2144,2.6238e-09,1,1.0979,0.90207,5.1103,3.8574,6.7701,0.71669,0.95909,0.1668,0.023855
82,0.81065,0.087467,0.1,9.2144,2.9959e-08,1,2.7566,-0.75661,5.1103,3.8149,6.8455,0.71669,0.95909,0.1668,0.045343
83,0.85396,0.087467,0.1,9.2144,8.378e-09,1,1.0979,0.90207,7.0598,5.329,9.3528,0.71669,0.95909,0.12995,0.023855
84,0.86676,0.087467,0.1,9.2144,2.6238e-09,0.93822,1.0361,0.84029,5.1103,3.8574,6.7701,0.71669,0.95909,0.1668,0.021
85,0.77794,0.087467,0.23681,8.6816,2.7848e-09,0.93822,1.0361,0.84029,5.1103,3.8574,6.7701,0.71669,0.95909,0.1668,0.021
86,0.8606,0.087467,0.1,9.2144,2.6238e-09,0.93822,1.0361,0.84029,5.1103,3.8574,6.7701,0.71669,0.95909,0.1668,0.03416
87,0.8528,0.087467,0.1,9.2144,7.9984e-09,0.67995,0.77788,0.58203,5.1103,3.8574,6.7701,0.71669,0.75052,0.1668,0.041945
88,0.845,0.087467,0.1,9.2144,2.6238e-09,0.91454,1.1172,0.71186,5.1103,4.7683,5.4767,0.71669,0.54999,0.19586,0.053073
89,0.86072,0.087467,0.1,9.2144,2.6238e-09,0.93822,1.0361,0.84029,5.1103,3.8574,6.7701,0.76683,0.95909,0.1668,0.021
90,0.86296,0.079469,0.1,9.2144,2.6238e-09,0.93822,1.0361,0.84029,4.4092,3.3282,5.8412,0.71669,0.5817,0.1668,0.021
91,0.80213,0.087467,0.20047,9.2144,2.6238e-09,0.93822,1.0361,0.84029,5.1103,3.8574,6.7701,0.71669,1,0.1668,0.030762
92,0.8581,0.087467,0.1,9.2144,2.6238e-09,0.93822,1.0361,0.84029,6.9522,5.2477,9.2102,0.71669,1,0.1668,0.021
93,0.86631,0.094665,0.1,9.2073,2.6258e-09,0.93822,1.0361,0.84029,5.1103,3.8574,6.7701,0.71669,0.95909,0.12136,0.021
94,0.86782,0.087467,0.1,9.2144,1.1216e-09,0.94617,1.0441,0.84824,5.1103,3.8574,6.7701,0.71669,0.95909,0.18928,0.021
95,0.86782,0.087467,0.1,9.2144,1.7748e-09,0.94617,1.0441,0.84824,5.1103,3.8574,6.7701,0.71669,0.95909,0.18928,0.021
96,0.86016,0.087467,0.1,9.4231,1.7355e-09,1,1.0979,0.90207,5.1103,3.8574,6.7701,0.7738,0.95909,0.18928,0.021
97,0.78008,0.087467,0.1,9.1347,1.7903e-09,0.94617,1.0441,0.84824,5.1103,3.8574,6.7701,0.53573,0.95909,0.18928,0.021
98,0.8551,0.084622,0.1,9.2144,1.7748e-09,0.69848,0.79641,0.60055,3.6726,2.7722,4.8655,0.71669,0.64054,0.18928,0.027217
99,0.86702,0.087467,0.1,9.2144,1.7748e-09,0.94617,1.0441,0.84824,6.1116,4.6133,8.0966,0.71669,0.95909,0.18928,0.021
100,0.79345,0.087467,0.1,9.2144,1.7748e-09,0.94617,1.0441,0.84824,11.128,8.4001,14.743,0.71669,0.95909,0.18928,0.021
101,0.82406,0.087467,0.1,9.2144,1.7748e-09,0.94617,2.316,-0.42371,5.1103,3.8574,6.7701,0.64683,0.95909,0.18928,0.021
102,0.86785,0.087467,0.1,9.2144,7.5782e-09,0.94617,1.0441,0.84824,5.1103,3.8574,6.7701,0.71669,0.95909,0.18928,0.021
103,0.86836,0.087467,0.1,9.2144,7.5782e-09,0.94617,0.94617,0.94617,5.1103,3.8574,6.7701,0.71669,0.54991,0.18928,0.021
104,0.86309,0.087467,0.1,9.2144,1.3056e-08,0.94617,0.94617,0.94617,5.1103,3.8574,6.7701,0.71669,0.54991,0.18928,0.029512
105,0.84519,0.095633,0.1,9.2144,7.5782e-09,0.68985,1.1572,0.22246,5.1103,3.8574,6.7701,0.71669,0.54991,0.17012,0.021
106,0.8682,0.087467,0.1,9.4977,7.3522e-09,1,1,1,5.1103,3.8574,6.7701,0.71669,0.54991,0.18928,0.021
107,0.64603,0.10045,0.37333,9.2144,7.5782e-09,0.94617,0.94617,0.94617,5.1103,3.8574,6.7701,0.71669,0.54991,0.19462,0.021
108,0.86835,0.087467,0.1,9.2144,2.5877e-09,0.94617,0.94617,0.94617,5.1103,3.8574,6.7701,0.71669,0.54991,0.18928,0.021
109,0.79599,0.087467,0.1,9.2144,7.5782e-09,0.94617,0.94617,0.94617,5.1103,3.8574,6.7701,0.86145,0.54991,0.18928,0.021
110,0.85201,0.087467,0.1,7.5823,9.2095e-09,0.94617,0.94617,0.94617,5.1103,3.8574,6.7701,0.71669,0.036068,0.18928,0.021
111,0.86865,0.087467,0.1,9.2144,7.5782e-09,0.94617,0.94617,0.94617,5.1103,3.8574,6.7701,0.71669,0.54991,0.2,0.021
112,0.73242,0.087467,0.1,9.2144,7.5782e-09,1,1.8619,0.13806,5.1103,3.8574,6.7701,0.92285,0.54991,0.2,0.021
113,0.85892,0.087467,0.1,9.2144,7.5782e-09,0.94617,0.94617,0.94617,4.2519,3.2095,5.6329,0.71669,0.54991,0.10283,0.021
114,0.81158,0.050066,0.1,8.2748,8.4388e-09,0.94617,0.94617,0.94617,5.1103,3.8574,6.7701,0.77519,0.54991,0.2,0.021
115,0.73708,0.087467,0.25566,9.2144,7.5782e-09,0.49673,0.63186,0.36159,3.5029,2.6441,4.6406,0.71669,0.54991,0.2,0.021
116,0.789,0.036762,0.1,9.2144,7.5782e-09,0.94617,0.94617,0.94617,5.1103,3.8574,6.7701,0.71669,0.90371,0.2,0.024267
117,0.86163,0.087467,0.1,9.2144,7.5782e-09,0.94617,0.94617,0.94617,5.1103,3.8574,6.7701,0.76502,0.54991,0.2,0.021
118,0.86948,0.087467,0.1,9.167,7.6174e-09,0.94617,0.94617,0.94617,5.0732,3.8294,6.7209,0.71669,0.72107,0.2,0.021
119,0.82007,0.079829,0.19668,10,6.9829e-09,0.94617,0.94617,0.94617,5.0732,3.8294,6.7209,0.71669,0.72107,0.2,0.021
120,0.86903,0.087467,0.1,8.7186,2.4205e-08,0.94617,0.94617,0.94617,5.0732,3.8294,6.7209,0.71669,0.72107,0.2,0.021
121,0.86952,0.087467,0.1,9.167,7.6174e-09,1,1,1,5.0732,3.8294,6.7209,0.71669,0.72107,0.2,0.021
122,0.84325,0.087467,0.1,9.8782,7.069e-09,1,1,1,3.4021,2.568,4.5071,0.71669,0.72107,0.2,0.021
123,0.87,0.087467,0.1,9.2516,7.5478e-09,1,1,1,5.0732,3.5893,7.1706,0.71669,0.72107,0.2,0.021
124,0.86282,0.084682,0.1,9.2516,7.5478e-09,1,1,1,5.0732,3.5893,7.1706,0.71669,0.72107,0.2,0.032181
125,0.86083,0.087467,0.1,9.2516,7.5478e-09,0.48122,0.48122,0.48122,5.0732,3.5893,7.1706,0.71669,0.72107,0.19875,0.021
126,0.86759,0.087467,0.1,9.2516,7.5478e-09,1,1,1,5.0732,3.9602,6.499,0.71669,0.72107,0.2,0.021
127,0.77547,0.087467,0.1,9.2516,7.5478e-09,1,1.6585,0.34147,5.0732,3.5893,7.1706,0.54011,0.72107,0.2,0.021
128,0.75828,0.087467,0.1,9.2516,7.5478e-09,1,1,1,5.0732,3.5893,7.1706,0.5,0.72107,0.2,0.021
129,0.87,0.087467,0.1,9.2516,8.1294e-09,1,1,1,5.0732,3.5893,7.1706,0.71669,0.72107,0.2,0.021
130,0.86086,0.087467,0.1,9.2516,1.925e-09,1,1,1,5.0732,3.5893,7.1706,0.71669,0.72107,0.2,0.034649
131,0.86863,0.087467,0.1,9.2516,8.1294e-09,0.83197,0.83197,0.83197,5.0732,3.5893,7.1706,0.71669,0.72107,0.2,0.021
132,0.83033,0.087467,0.1,9.2516,8.1294e-09,1,1,1,5.0732,3.5893,7.1706,0.71669,0.72107,0.2,0.073169
133,0.86827,0.087467,0.1,9.2516,8.1294e-09,1,1,1,5.0732,3.5893,7.1706,0.71669,0.72107,0.15817,0.021
134,0.86842,0.087467,0.1,9.2516,8.1294e-09,1,1,1,5.0732,3.5893,7.1706,0.71669,0.72107,0.1761,0.021
135,0.87002,0.087467,0.1,9.2516,1.8826e-08,1,1,1,5.0732,3.5893,7.1706,0.71669,0.72107,0.2,0.021
136,0.82142,0.087467,0.1,9.2516,1.8826e-08,1,1,1,5.0732,3.5893,7.1706,0.59987,0.72107,0.2,0.021
137,0.86605,0.087467,0.1,9.2516,1.8826e-08,1,1.0026,0.99738,5.0732,3.7104,6.9366,0.71669,0.72107,0.12647,0.021
138,0.86914,0.087467,0.1,8.3422,4.7227e-09,1,1,1,5.0732,3.5893,7.1706,0.71669,0.72107,0.2,0.021
139,0.86611,0.087467,0.1,9.2516,1.8826e-08,1,1,1,5.0732,3.5893,7.1706,0.71669,0.72107,0.2,0.027243
140,0.86946,0.087467,0.1,9.2516,1.8826e-08,1,1.0968,0.90318,5.0732,3.5893,7.1706,0.71669,0.72107,0.2,0.021
141,0.86949,0.087467,0.1,8.8878,1.9596e-08,1,1,1,5.0732,3.5893,7.1706,0.71669,0.72107,0.2,0.021
142,0.8681,0.087467,0.1,9.2516,1.8826e-08,1,1.2213,0.77869,5.0732,3.5893,7.1706,0.71669,0.72107,0.2,0.021
143,0.84495,0.087467,0.1,9.2516,1.8826e-08,1,1,1,3.8146,2.6989,5.3917,0.71669,0.72107,0.2,0.04073
144,0.87002,0.087467,0.1,9.2516,1.8826e-08,1,1,1,5.0732,3.5893,7.1706,0.71669,0.72107,0.2,0.021
145,0.86702,0.090189,0.1,9.2516,1.8826e-08,1,1,1,5.7758,4.0864,8.1637,0.71669,0.72107,0.2,0.021
146,0.87002,0.087467,0.1,9.2516,1.8826e-08,1,1,1,5.0732,3.5893,7.1706,0.71669,0.72107,0.2,0.021
147,0.86566,0.087467,0.1,9.2516,1.8826e-08,0.64606,0.64606,0.64606,5.0732,3.5893,7.1706,0.71669,0.72107,0.2,0.021
148,0.86858,0.087467,0.1,9.472,1.8388e-08,1,1,1,5.0732,3.5893,7.1706,0.71669,0.72107,0.16443,0.021
149,0.86052,0.068793,0.1,9.2516,1.8826e-08,1,1,1,5.0732,3.5893,7.1706,0.71669,0.72107,0.2,0.021
150,0.8658,0.087467,0.1,9.2516,1.8826e-08,1,1.3549,0.64512,5.0732,3.5893,7.1706,0.71669,0.72107,0.2,0.021
151,0.87018,0.087467,0.1,9.2516,1.8826e-08,1,1,1,5.0732,3.5893,7.1706,0.71669,0.79656,0.2,0.021
152,0.75214,0.10733,0.1,9.2516,1.3633e-08,0.58674,0.58674,0.58674,5.0732,3.5893,7.1706,0.90568,0.79656,0.2,0.021
153,0.83444,0.087467,0.1,9.2516,1.8826e-08,1,2.4194,-0.41941,5.0732,3.5893,7.1706,0.71669,0.79656,0.2,0.021
154,0.87009,0.087467,0.1,8.8151,1.9758e-08,1,1,1,5.0732,3.5893,7.1706,0.71669,0.79656,0.2,0.021
155,0.86844,0.087467,0.1,9.2516,1.8826e-08,1,1,1,5.0732,3.5893,7.1706,0.71669,0.79656,0.16435,0.021
156,0.73521,0.087467,0.27821,9.2516,1.8826e-08,1,1,1,5.0732,3.5893,7.1706,0.71669,0.79656,0.2,0.021
157,0.86985,0.087467,0.1,9.3273,1.8673e-08,1,1,1,5.0732,3.5893,7.1706,0.71669,0.79656,0.2,0.021
158,0.87056,0.087467,0.1,9.2516,1.799e-07,1,1,1,5.0732,3.5893,7.1706,0.71669,0.79656,0.2,0.021
159,0.86106,0.087467,0.1,9.2516,1.799e-07,1,1,1,5.0732,2.9123,8.8373,0.71669,0.87913,0.2,0.021
160,0.77972,0.087467,0.1,9.2516,1.799e-07,1,1,1,5.0732,3.5893,7.1706,0.53386,0.79656,0.2,0.021
161,0.86718,0.087467,0.1,9.2516,1.799e-07,0.655,0.655,0.655,5.0732,3.5893,7.1706,0.71669,0.79656,0.2,0.021
162,0.87017,0.087467,0.1,9.2516,1.799e-07,1,1,1,5.0732,3.7093,6.9385,0.71669,0.79656,0.2,0.021
163,0.86215,0.11918,0.1,10,1.6644e-07,1,1,1,5.0732,3.9036,6.5931,0.71669,0.79656,0.2,0.021
164,0.82855,0.087467,0.1,6.2425,2.6662e-07,1,1,1,3,2.1225,4.2403,0.71669,0.79656,0.2,0.021
165,0.86882,0.087467,0.1,7.8067,2.132e-07,1,1,1,5.0732,3.5893,7.1706,0.71669,0.79656,0.2,0.021
166,0.83562,0.087467,0.1,6.7112,2.48e-07,1,2.3022,-0.30224,5.0732,3.5893,7.1706,0.71669,0.79656,0.2,0.021
167,0.83563,0.087467,0.1,9.2516,1.799e-07,1,2.3166,-0.31665,5.0732,3.5893,7.1706,0.71669,0.79656,0.1822,0.021
168,0.83004,0.087467,0.1,9.2516,1.799e-07,0.84601,0.84601,0.84601,5.0732,3.5893,7.1706,0.82719,0.79656,0.2,0.021
169,0.47199,0.087467,0.1,9.2516,1.799e-07,1,1,1,5.0732,3.5893,7.1706,1.1204,0.79656,0.2,0.021
170,0.87056,0.087467,0.1,9.2516,1.799e-07,1,1,1,5.0732,3.5893,7.1706,0.71669,0.79656,0.2,0.021
171,0.8313,0.048518,0.1,9.2516,1.799e-07,1,1,1,5.0732,3.5893,7.1706,0.71669,0.79656,0.2,0.021
172,0.75903,0.087467,0.1,9.2516,1.799e-07,1,1,1,5.0732,3.5893,7.1706,0.50175,0.79656,0.2,0.021
173,0.86964,0.087467,0.1,9.2516,1.799e-07,1,1,1,5.0732,3.3828,7.6082,0.71669,0.79656,0.2,0.021
174,0.83837,0.052388,0.1,9.2516,1.799e-07,1,1,1,5.0732,3.5893,7.1706,0.71669,0.79656,0.2,0.021
175,0.86982,0.087467,0.1,9.2516,1.799e-07,0.85698,0.85698,0.85698,5.0732,3.5893,7.1706,0.71669,0.79656,0.2,0.021
176,0.84483,0.087467,0.1,9.2516,1.799e-07,1,1,1,5.0732,3.5893,7.1706,0.64208,0.79656,0.2,0.021
177,0.65195,0.087467,0.1,9.2516,9.7466e-06,1,1,1,5.0732,3.5893,7.1706,0.71669,0.79656,0.2,0.021
178,0.86534,0.10591,0.1,9.2516,1.799e-07,1,1,1,5.0732,3.5893,7.1706,0.71669,0.79656,0.2,0.021
179,0.85069,0.12081,0.1,9.2516,5.3633e-07,1,1,1,5.0732,3.5893,7.1706,0.71669,0.79656,0.2,0.021
180,0.86522,0.091083,0.1,9.2516,1.799e-07,1,1,1,5.0732,3.5593,7.2309,0.71669,0.79656,0.2,0.028499
181,0.86746,0.087467,0.1,9.2516,1.799e-07,1,1,1,5.0732,3.5893,7.1706,0.71669,0.79656,0.13018,0.021
182,0.84675,0.087467,0.1,9.2516,1.799e-07,1,1,1,5.0732,3.5893,7.1706,0.64584,0.79656,0.2,0.021
183,0.87056,0.087467,0.1,9.2516,1.799e-07,1,1,1,5.0732,3.5893,7.1706,0.71669,0.79656,0.2,0.021
184,0.83652,0.087467,0.1,9.2516,1.799e-07,1,1,1,3,2.1225,4.2403,0.76199,0.79656,0.2,0.021
185,0.86658,0.087467,0.1,9.2516,1.799e-07,1,1,1,5.0732,3.5893,7.1706,0.71669,0.79656,0.11846,0.021
186,0.87058,0.087467,0.1,9.3006,1.7895e-07,1,1,1,5.0732,3.5893,7.1706,0.71669,0.79656,0.2,0.021
187,0.87005,0.087467,0.1,9.3006,6.6989e-08,1,1.0861,0.91391,5.0732,3.5893,7.1706,0.71669,0.79656,0.2,0.021
188,0.8547,0.087467,0.1,9.3006,1.7895e-07,1,1,1,7.0214,4.9676,9.9242,0.71669,0.79656,0.2,0.021
189,0.87015,0.087467,0.1,9.3006,2.492e-09,1,1,1,5.0732,3.5893,7.1706,0.71669,0.79656,0.2,0.021
190,0.8538,0.087467,0.1,9.3006,1.7895e-07,1,1,1,5.0732,3.5893,7.1706,0.71669,0.79656,0.2,0.044714
191,0.86984,0.087467,0.1,9.3006,1.7895e-07,1,1,1,5.0732,3.5893,7.1706,0.71669,0.79656,0.18157,0.021
192,0.53913,0.087467,0.52359,9.3006,1.7895e-07,1,1,1,5.0732,3.5893,7.1706,0.71669,0.79656,0.2,0.021
193,0.87101,0.087467,0.1,9.3006,5.4241e-07,1,1,1,5.0732,3.5893,7.1706,0.71669,0.79656,0.2,0.021
194,0.86982,0.087467,0.1,9.5368,5.2898e-07,1,1,1,5.0732,3.5893,7.1706,0.71669,0.79656,0.2,0.021
195,0.86933,0.087467,0.1,9.3006,5.4241e-07,1,1,1,5.0732,3.9458,6.5227,0.71669,0.79656,0.2,0.021
196,0.77706,0.087467,0.18799,9.3006,2.6184e-06,1,1,1,5.0732,3.5893,7.1706,0.71669,0.79656,0.2,0.021
197,0.84588,0.087467,0.1498,9.3006,5.4241e-07,1,1,1,5.0732,3.5893,7.1706,0.71669,0.79656,0.2,0.021
198,0.8497,0.12269,0.1,9.6581,5.2234e-07,1,1,1,5.0732,3.8191,6.7391,0.71669,0.79656,0.2,0.021
199,0.87099,0.087467,0.1,9.3006,5.4241e-07,0.99532,0.99532,0.99532,5.0732,3.5893,7.1706,0.71669,0.79656,0.2,0.021
200,0.87101,0.087467,0.1,9.3006,5.4241e-07,1,1,1,5.0732,3.5893,7.1706,0.71669,0.79656,0.2,0.021
201,0.87052,0.087467,0.1,9.3006,1.5286e-07,1,1,1,5.0732,3.5893,7.1706,0.71669,0.79656,0.2,0.021
202,0.87084,0.087467,0.1,9.3006,5.4241e-07,1,1,1,5.0732,3.5893,7.1706,0.71669,0.76873,0.2,0.021
203,0.80974,0.087467,0.1,9.3006,5.4241e-07,1,2.9472,-0.9472,5.0732,3.5893,7.1706,0.71669,0.79656,0.2,0.021
204,0.86373,0.087467,0.1,9.3006,5.4241e-07,1,1.4436,0.55636,5.0732,3.5893,7.1706,0.71669,0.79656,0.2,0.021
